Метод 1: LUP - разложение
Исходная матрица:
[1.0, 2.0, -2.0, 6.0]
[-3.0, -5.0, 14.0, 13.0]
[1.0, 2.0, -2.0, -2.0]
[-2.0, -4.0, 5.0, 10.0]
Исходный вектор:
[24.0, 41.0, 0.0, 20.0]
Решение:
[1.9999999999999953, 4.000000000000003, 2.0, 3.0]
Обратная матрица:
[-11.499999999999995, -1.9999999999999993, 42.49999999999998, 17.99999999999999]
[5.1249999999999964, 0.9999999999999996, -18.124999999999986, -7.999999999999995]
[-0.75, 0.0, 2.75, 1.0]
[0.125, 0.0, -0.125, 0.0]
Определитель:
8.000000000000004
